stop_id,stop_city
820849,
820851,
820853,
820881,
820882,
820883,
820884,
820896,
820904,
820905,
820907,
820914,
820917,
820918,
820923,
820924,
820926,
820936,
820937,
820938,
820941,
820942,
820943,
820944,
820945,
820946,
820953,
820954,
820955,
820956,
820957,
820958,
820961,
820968,
820969,
820970,
820984,
820986,
820988,
820992,
820995,
820996,
820997,
820998,
821001,
821003,
821037,
821047,
821054,
821055,
821057,
821058,
821059,
821060,
821061,
821063,
821064,
821065,
821066,
821070,
821071,
821080,
821081,
821084,
821086,
821089,
821090,
821091,
821092,
821095,
821096,
821104,
821158,
821173,
821174,
821175,
821183,
821185,
821187,
821203,
821205,
821206,
821207,
821208,
821209,
821215,
821218,
821219,
821221,
821252,
821253,
821281,
821282,
821283,
821284,
821286,
821290,
821292,
821293,
821294,
821295,
821296,
821297,
821298,
821299,
821300,
821301,
821330,
821332,
821333,
821372,
821373,
821374,
821375,
821376,
821378,
821379,
821381,
821419,
821426,
821427,
821465,
821466,
821485,
821486,
821516,
821517,
821518,
821527,
821528,
821529,
821530,
821531,
821532,
821534,
821553,
821554,
821555,
821556,
821557,
821561,
821562,
821563,
821564,
821565,
821566,
821574,
821575,
821582,
821583,
821584,
821585,
821586,
821590,
821633,
821634,
821641,
821642,
821643,
821644,
821645,
821647,
821648,
821649,
821650,
821651,
821652,
821654,
821676,
821685,
821686,
821687,
821688,
821689,
821690,
821691,
821692,
821693,
821694,
821696,
821711,
821722,
821737,
821766,
821770,
821794,
821795,
821796,
821797,
821799,
821802,
821803,
821805,
821806,
821807,
821808,
821809,
821810,
821818,
821819,
821826,
821828,
821830,
821831,
821852,
821891,
821892,
821893,
821895,
821896,
821897,
821899,
821900,
821902,
821915,
821917,
821919,
821920,
821921,
821923,
821925,
821934,
821936,
821937,
821938,
821939,
821942,
821943,
821944,
821945,
821947,
821948,
821950,
821951,
821979,
821980,
821981,
821982,
821983,
821985,
821986,
821987,
821988,
821989,
821990,
821991,
821992,
822004,
822005,
822013,
822014,
822017,
822018,
822024,
822025,
822026,
822028,
822029,
822034,
822038,
822060,
822068,
822071,
822079,
822084,
822086,
822093,
822094,
822139,
822140,
822141,
822168,
824855,
824856,
824865,
824884,
824889,
824890,
824891,
824892,
824896,
824898,
824899,
824902,
843352,
2328252,
2328253,
2328254,
2328283,
2328331,
